version https://git-lfs.github.com/spec/v1
oid sha256:e4012b7a4ab012beeac96d0fecebcc588e1decfe38475fc27b8e49ccb6fb8691
size 68
